1000  1  0.000297
1500  1  0.000504
2000  1  0.000626
2500  1  0.000745
3000  1  0.000981
3500  1  0.001373
4000  1  0.001
4500  1  0.001086
5000  1  0.00158
5500  1  0.001757
6000  1  0.002036
6500  1  0.002234
7000  1  0.002366
7500  1  0.002484
8000  1  0.002646
8500  1  0.002283
9000  1  0.002119
9500  1  0.002537
10000  1  0.002622
1000  11  0.00017
1500  11  0.000265
2000  11  0.000274
2500  11  0.000387
3000  11  0.000432
3500  11  0.000618
4000  11  0.000719
4500  11  0.000654
5000  11  0.000803
5500  11  0.000799
6000  11  0.000994
6500  11  0.001229
7000  11  0.001369
7500  11  0.001517
8000  11  0.001493
8500  11  0.001528
9000  11  0.001741
9500  11  0.001706
10000  11  0.001723
1000  21  0.000169
1500  21  0.000287
2000  21  0.000413
2500  21  0.000616
3000  21  0.000494
3500  21  0.000569
4000  21  0.000714
4500  21  0.000869
5000  21  0.001246
5500  21  0.000987
6000  21  0.001112
6500  21  0.001231
7000  21  0.000947
7500  21  0.001106
8000  21  0.001146
8500  21  0.001272
9000  21  0.001325
9500  21  0.001352
10000  21  0.001426
1000  31  0.000147
1500  31  0.000253
2000  31  0.000507
2500  31  0.000448
3000  31  0.000558
3500  31  0.000695
4000  31  0.000711
4500  31  0.000937
5000  31  0.000974
5500  31  0.001098
6000  31  0.00106
6500  31  0.000974
7000  31  0.001089
7500  31  0.001159
8000  31  0.001102
8500  31  0.001168
9000  31  0.001236
9500  31  0.001722
10000  31  0.001857
1000  41  0.000163
1500  41  0.000285
2000  41  0.000319
2500  41  0.000604
3000  41  0.000555
3500  41  0.000677
4000  41  0.000953
4500  41  0.000983
5000  41  0.001385
5500  41  0.00128
6000  41  0.001394
6500  41  0.001183
7000  41  0.001563
7500  41  0.002895
8000  41  0.00119
8500  41  0.001364
9000  41  0.001543
9500  41  0.001684
10000  41  0.001632
1000  51  0.000145
1500  51  0.000314
2000  51  0.000336
2500  51  0.000432
3000  51  0.000559
3500  51  0.000497
4000  51  0.00064
4500  51  0.000695
5000  51  0.000826
5500  51  0.000976
6000  51  0.001011
6500  51  0.001205
7000  51  0.00105
7500  51  0.001064
8000  51  0.001584
8500  51  0.001496
9000  51  0.002273
9500  51  0.002306
10000  51  0.002317
1000  61  0.000176
1500  61  0.00037
2000  61  0.000393
2500  61  0.000544
3000  61  0.000679
3500  61  0.000896
4000  61  0.000811
4500  61  0.001487
5000  61  0.001727
5500  61  0.001538
6000  61  0.001518
6500  61  0.001686
7000  61  0.001374
7500  61  0.001449
8000  61  0.00148
8500  61  0.001388
9000  61  0.001709
9500  61  0.001564
10000  61  0.002252
1000  71  0.000256
1500  71  0.000357
2000  71  0.000577
2500  71  0.000654
3000  71  0.000724
3500  71  0.001008
4000  71  0.001304
4500  71  0.000975
5000  71  0.001086
5500  71  0.001541
6000  71  0.001557
6500  71  0.001715
7000  71  0.002276
7500  71  0.002385
8000  71  0.002306
8500  71  0.002995
9000  71  0.003154
9500  71  0.002408
10000  71  0.00259
1000  81  0.000289
1500  81  0.00034
2000  81  0.000604
2500  81  0.000762
3000  81  0.000725
3500  81  0.000919
4000  81  0.001132
4500  81  0.00138
5000  81  0.001707
5500  81  0.001372
6000  81  0.001411
6500  81  0.001787
7000  81  0.002112
7500  81  0.002414
8000  81  0.002431
8500  81  0.002532
9000  81  0.00319
9500  81  0.003299
10000  81  0.003829
1000  91  0.000306
1500  91  0.000392
2000  91  0.000537
2500  91  0.000823
3000  91  0.000742
3500  91  0.001001
4000  91  0.001349
4500  91  0.001682
5000  91  0.001674
5500  91  0.001997
6000  91  0.001488
6500  91  0.001328
7000  91  0.001351
7500  91  0.002092
8000  91  0.002445
8500  91  0.002023
9000  91  0.002524
9500  91  0.003292
10000  91  0.002943
