1000  1  0.000277
1500  1  0.000512
2000  1  0.000767
2500  1  0.000994
3000  1  0.000981
3500  1  0.001076
4000  1  0.001361
4500  1  0.001423
5000  1  0.001576
5500  1  0.002002
6000  1  0.002063
6500  1  0.002305
7000  1  0.002619
7500  1  0.002722
8000  1  0.002681
8500  1  0.002923
9000  1  0.00333
9500  1  0.003331
10000  1  0.003623
1000  501  2.8e-05
1500  501  4.1e-05
2000  501  5.7e-05
2500  501  9e-05
3000  501  0.00013
3500  501  0.000127
4000  501  0.000169
4500  501  0.000278
5000  501  0.000264
5500  501  0.000282
6000  501  0.000317
6500  501  0.000322
7000  501  0.000371
7500  501  0.000333
8000  501  0.000382
8500  501  0.000478
9000  501  0.000527
9500  501  0.000518
10000  501  0.000591
