1000  1  0.000299
1500  1  0.000473
2000  1  0.000605
2500  1  0.000833
3000  1  0.000952
3500  1  0.001177
4000  1  0.001716
4500  1  0.001802
5000  1  0.00171
5500  1  0.001967
6000  1  0.002154
6500  1  0.002337
7000  1  0.00253
7500  1  0.00258
8000  1  0.001815
8500  1  0.001889
9000  1  0.002344
9500  1  0.002599
10000  1  0.002555
1000  11  0.000105
1500  11  0.000168
2000  11  0.000214
2500  11  0.000239
3000  11  0.000346
3500  11  0.000444
4000  11  0.000402
4500  11  0.000484
5000  11  0.000554
5500  11  0.000611
6000  11  0.000654
6500  11  0.000681
7000  11  0.000752
7500  11  0.000796
8000  11  0.00091
8500  11  0.001119
9000  11  0.001257
9500  11  0.001315
10000  11  0.001605
1000  21  0.000113
1500  21  0.000203
2000  21  0.000224
2500  21  0.000357
3000  21  0.000395
3500  21  0.000464
4000  21  0.000472
4500  21  0.000457
5000  21  0.000493
5500  21  0.00056
6000  21  0.00069
6500  21  0.000696
7000  21  0.000873
7500  21  0.001108
8000  21  0.001107
8500  21  0.001214
9000  21  0.001301
9500  21  0.001094
10000  21  0.001266
1000  31  9.5e-05
1500  31  0.000147
2000  31  0.000215
2500  31  0.000263
3000  31  0.000308
3500  31  0.000365
4000  31  0.000423
4500  31  0.000454
5000  31  0.000464
5500  31  0.000657
6000  31  0.000539
6500  31  0.000468
7000  31  0.000481
7500  31  0.0006
8000  31  0.000644
8500  31  0.000853
9000  31  0.000693
9500  31  0.00076
10000  31  0.000793
1000  41  5.3e-05
1500  41  9e-05
2000  41  0.000118
2500  41  0.000142
3000  41  0.000197
3500  41  0.000264
4000  41  0.00034
4500  41  0.000408
5000  41  0.0004
5500  41  0.000574
6000  41  0.000608
6500  41  0.000633
7000  41  0.000666
7500  41  0.000703
8000  41  0.000818
8500  41  0.000677
9000  41  0.000697
9500  41  0.00086
10000  41  0.00094
1000  51  6.5e-05
1500  51  9.1e-05
2000  51  0.000144
2500  51  0.000181
3000  51  0.000212
3500  51  0.000303
4000  51  0.000321
4500  51  0.000387
5000  51  0.000398
5500  51  0.000451
6000  51  0.000546
6500  51  0.000667
7000  51  0.000942
7500  51  0.000862
8000  51  0.000767
8500  51  0.000988
9000  51  0.000977
9500  51  0.001011
10000  51  0.001115
1000  61  7.4e-05
1500  61  0.000109
2000  61  0.000167
2500  61  0.000208
3000  61  0.000301
3500  61  0.000307
4000  61  0.000359
4500  61  0.000473
5000  61  0.000472
5500  61  0.00054
6000  61  0.000669
6500  61  0.000596
7000  61  0.000517
7500  61  0.000694
8000  61  0.000711
8500  61  0.000732
9000  61  0.000817
9500  61  0.000737
10000  61  0.000841
1000  71  6e-05
1500  71  8.8e-05
2000  71  0.000125
2500  71  0.000193
3000  71  0.000194
3500  71  0.000205
4000  71  0.000342
4500  71  0.000326
5000  71  0.000383
5500  71  0.000363
6000  71  0.000388
6500  71  0.000411
7000  71  0.000431
7500  71  0.000438
8000  71  0.00055
8500  71  0.000532
9000  71  0.000622
9500  71  0.000636
10000  71  0.000714
1000  81  8.7e-05
1500  81  0.000102
2000  81  0.000115
2500  81  0.000137
3000  81  0.000251
3500  81  0.000263
4000  81  0.000246
4500  81  0.000303
5000  81  0.000304
5500  81  0.000423
6000  81  0.000463
6500  81  0.000518
7000  81  0.000509
7500  81  0.000571
8000  81  0.000648
8500  81  0.000618
9000  81  0.000639
9500  81  0.00067
10000  81  0.000791
1000  91  4.9e-05
1500  91  0.000107
2000  91  0.000115
2500  91  0.00015
3000  91  0.000263
3500  91  0.00025
4000  91  0.000279
4500  91  0.000338
5000  91  0.00034
5500  91  0.000356
6000  91  0.00042
6500  91  0.000542
7000  91  0.000558
7500  91  0.000594
8000  91  0.000646
8500  91  0.000639
9000  91  0.000749
9500  91  0.000746
10000  91  0.000755
